                      0.0             0.612106483548
                    3.402              0.77672733263
                    6.804             0.727896249871
                   10.206             0.689080703132
                   13.609             0.766933255695
                   17.011             0.945391872096
                   20.413              0.70846091219
                   23.815              0.70846091219
                   27.218              1.06696551143
                    30.62              5.52571938509
                   34.022              9.31401366954
                   37.425               7.2117330904
                   40.827              5.09220831781
                   44.229              3.45976863236
                   47.631              2.37415474909
                   51.034              2.69844772499
                   54.436              2.63502202578
                   57.838              2.68572131729
                    61.24              2.87881793607
                   64.643              2.52214208573
                   68.045              2.39862240154
                   71.447               2.0513153415
                   74.849              1.94670368631
                   78.252              2.09828244719
                   81.654              2.18118637891
                   85.056              2.50970072587
                   88.458              2.28912885887
                   91.861              2.14554454252
                   95.263              2.20504124691
                   98.664              2.42316831096
                  102.067              2.33759918443
                   105.47              2.18118637891
                  108.872              2.64766599835
                  112.274              2.24096490351
                  115.677              2.36195015221
                  119.079              2.39862240154
                  122.481              2.28912885887
                  125.883              2.47249640932
                  129.286              1.79814771603
                  132.688              2.59721280977
                   136.09              2.12187644751
                  139.492              2.62239853667
                  142.895              2.38637881663
                  146.297              2.36195015221
                149.69901              2.62239853667
                  153.101              2.27705926171
                  156.504              2.13370121135
                159.90601              2.33759918443
                  163.308              2.27705926171
                166.71001               2.4477928539
                170.11301              2.58465047287
                  173.515              2.36195015221
                176.91701              2.42316831096
                  180.319              2.47249640932
                  183.722              2.57210842118
                187.12399              2.37415474909
                  190.526              2.57210842118
                  193.929              2.49727935864
                197.33099              2.77524338785
                  200.733              2.42316831096
                204.13499              2.55958660554
                207.53799              2.52214208573
                   210.94              2.01628193958
                  214.342               2.8139245951
                  217.744              2.53460348658
                  221.147              2.43547072961
                  224.549               2.8139245951
                  227.951              2.68572131729
                  231.353              2.62239853667
                  234.756              2.43547072961
                  238.158              2.49727935864
                   241.56              2.41088555065
                244.96201              2.47249640932
                248.36501              2.64766599835
                  251.767              2.64766599835
                255.16901              2.36195015221
                258.57199              2.32545272089
                  261.974              2.54708497696
                265.37601              2.73675156091
                268.77802              2.57210842118
                  272.181              2.83981797019
                275.58301              2.60979548121
                278.98499              2.66033050435
                282.38699              2.41088555065
                285.79001              2.46013473126
                289.19199              2.66033050435
                292.59399              2.28912885887
                  295.996              2.83981797019
                299.39899              2.53460348658
                302.80099               2.6730155939
                  306.203              2.78811601234
                309.60501              2.86579655675
                  313.008               2.6730155939
                   316.41               2.7623918055
                319.81201               2.8139245951
                323.21399              2.55958660554
                  326.617              2.63502202578
                330.01901              2.91801105475
                333.42099              2.73675156091
                336.82401              2.86579655675